1010  0.719185 0 0 S
1011  0.495927 3 3 P
1001  0.398033 2 2 P
1000  0.741435 3 3 P
1001  0.398033 3 3 P
1101  0.500227 1 1 P
1111  0.441219 2 2 P
0111  0.531343 0 0 P
0101  0.462476 2 2 P
1101  0.500227 0 0 P
1111  0.441219 2 2 P
1011  0.495927 1 1 P
0011  0.677714 0 0 P
0111  0.531343 1 1 P
1111  0.441219 0 0 P
1101  0.500227 2 2 P
0101  0.462476 0 0 P
1101  0.500227 0 0 P
1100  0.588723 3 3 P
1110  0.470984 2 2 P
1100  0.588723 2 2 P
1101  0.500227 3 3 P
1001  0.398033 1 1 P
0001  0.520986 0 0 P
0011  0.677714 2 2 P
0010  0.825427 3 3 P
1010  0.719185 0 0 P
1000  0.741435 2 2 P
1010  0.719185 2 2 P
1011  0.495927 3 3 P
1111  0.441219 1 1 P
1110  0.470984 3 3 P
1100  0.588723 2 2 P
1000  0.741435 1 1 P
1100  0.588723 1 1 P
1101  0.500227 3 3 P
1100  0.588723 3 3 P
1000  0.741435 1 1 P
1010  0.719185 2 2 P
1110  0.470984 1 1 P
1100  0.588723 2 2 P
0100  0.415356 0 0 P
1100  0.588723 0 0 P
1110  0.470984 2 2 P
0110  0.425491 0 0 P
0111  0.531343 3 3 P
0110  0.425491 3 3 P
1110  0.470984 0 0 P
1111  0.441219 3 3 P
1110  0.470984 3 3 P
1111  0.441219 3 3 P
1110  0.470984 3 3 P
1100  0.588723 2 2 P
0100  0.415356 0 0 P
1100  0.588723 0 0 P
1110  0.470984 2 2 P
1010  0.719185 1 1 P
1000  0.741435 2 2 P
1001  0.398033 3 3 P
1101  0.500227 1 1 P
0101  0.462476 0 0 P
0001  0.520986 1 1 P
0101  0.462476 1 1 P
0111  0.531343 2 2 P
0110  0.425491 3 3 P
0100  0.415356 2 2 P
0101  0.462476 3 3 P
0001  0.520986 1 1 P
0101  0.462476 1 1 P
0001  0.520986 1 1 P
1001  0.398033 0 0 P
1011  0.495927 2 2 P
1010  0.719185 3 3 P
1000  0.741435 2 2 P
1010  0.719185 2 2 P
1011  0.495927 3 3 P
0011  0.677714 0 0 P
1011  0.495927 0 0 P
1111  0.441219 1 1 P
0111  0.531343 0 0 P
0011  0.677714 1 1 P
0111  0.531343 1 1 P
1111  0.441219 0 0 P
1101  0.500227 2 2 P
1001  0.398033 1 1 P
0001  0.520986 0 0 P
1001  0.398033 0 0 P
0001  0.520986 0 0 P
0011  0.677714 2 2 P
0111  0.531343 1 1 P
0101  0.462476 2 2 P
0100  0.415356 3 3 P
0110  0.425491 2 2 P
0010  0.825427 1 1 P
0011  0.677714 3 3 P
0111  0.531343 1 1 P
0011  0.677714 1 1 P
1011  0.495927 0 0 P
1001  0.398033 2 2 P
0001  0.520986 0 0 P
