0010  0.49394 0 0 S
1010  0.450852 0 0 P
0010  0.49394 0 0 P
1010  0.450852 0 0 P
1011  0.730109 3 3 P
1111  0.355958 1 1 P
1011  0.730109 1 1 P
1010  0.450852 3 3 P
1000  0.435591 2 2 P
1100  0.515804 1 1 P
1000  0.435591 1 1 P
1010  0.450852 2 2 P
1011  0.730109 3 3 P
1010  0.450852 3 3 P
1000  0.435591 2 2 P
0000  0.513181 0 0 P
0010  0.49394 2 2 P
0110  0.515273 1 1 P
0111  0.309669 3 3 P
0110  0.515273 3 3 P
0111  0.309669 3 3 P
0101  0.725486 2 2 P
0111  0.309669 2 2 P
0101  0.725486 2 2 P
0001  0.567816 1 1 P
0000  0.513181 3 3 P
1000  0.435591 0 0 P
1100  0.515804 1 1 P
1000  0.435591 1 1 P
1010  0.450852 2 2 P
1000  0.435591 2 2 P
1001  0.80163 3 3 P
1011  0.730109 2 2 P
1111  0.355958 1 1 P
1101  0.72961 2 2 P
1100  0.515804 3 3 P
1000  0.435591 1 1 P
1100  0.515804 1 1 P
1000  0.435591 1 1 P
1010  0.450852 2 2 P
1011  0.730109 3 3 P
0011  0.462888 0 0 P
0010  0.49394 3 3 P
1010  0.450852 0 0 P
0010  0.49394 0 0 P
1010  0.450852 0 0 P
1000  0.435591 2 2 P
1100  0.515804 1 1 P
1110  0.50426 2 2 P
1111  0.355958 3 3 P
1101  0.72961 2 2 P
1111  0.355958 2 2 P
1101  0.72961 2 2 P
1001  0.80163 1 1 P
0001  0.567816 0 0 P
1001  0.80163 0 0 P
0001  0.567816 0 0 P
1001  0.80163 0 0 P
1011  0.730109 2 2 P
1001  0.80163 2 2 P
1011  0.730109 2 2 P
0011  0.462888 0 0 P
0001  0.567816 2 2 P
0011  0.462888 2 2 P
0001  0.567816 2 2 P
0101  0.725486 1 1 P
0111  0.309669 2 2 P
0011  0.462888 1 1 P
0001  0.567816 2 2 P
0101  0.725486 1 1 P
0111  0.309669 2 2 P
1111  0.355958 0 0 P
1011  0.730109 1 1 P
0011  0.462888 0 0 P
1011  0.730109 0 0 P
1111  0.355958 1 1 P
1110  0.50426 3 3 P
1010  0.450852 1 1 P
1110  0.50426 1 1 P
1111  0.355958 3 3 P
1101  0.72961 2 2 P
0101  0.725486 0 0 P
0001  0.567816 1 1 P
0000  0.513181 3 3 P
0001  0.567816 3 3 P
0011  0.462888 2 2 P
0001  0.567816 2 2 P
0000  0.513181 3 3 P
0001  0.567816 3 3 P
0000  0.513181 3 3 P
0010  0.49394 2 2 P
1010  0.450852 0 0 P
1011  0.730109 3 3 P
1010  0.450852 3 3 P
1000  0.435591 2 2 P
1100  0.515804 1 1 P
0100  0.570077 0 0 P
1100  0.515804 0 0 P
1110  0.50426 2 2 P
1010  0.450852 1 1 P
