1000  0.741435 0 0 S
1001  0.398033 3 3 P
1001  0.398033 3 2 I
0001  0.520986 3 1 I
0101  0.462476 1 1 P
0001  0.520986 1 1 P
0111  0.531343 1 2 I
0011  0.677714 1 1 P
0011  0.677714 1 2 I
1111  0.441219 0 1 I
1001  0.398033 1 2 I
0001  0.520986 0 0 P
0001  0.520986 2 3 I
0011  0.677714 2 2 P
0010  0.825427 3 3 P
0110  0.425491 1 1 P
0110  0.425491 0 1 I
1001  0.398033 2 1 I
1111  0.441219 1 2 I
0110  0.425491 3 0 I
1111  0.441219 3 0 I
1100  0.588723 2 3 I
0011  0.677714 3 2 I
1011  0.495927 0 0 P
0011  0.677714 0 0 P
0010  0.825427 3 3 P
1110  0.470984 1 0 I
1100  0.588723 2 2 P
1000  0.741435 1 1 P
1011  0.495927 3 2 I
1011  0.495927 0 1 I
1001  0.398033 2 2 P
1001  0.398033 3 2 I
1101  0.500227 1 1 P
0100  0.415356 0 3 I
0100  0.415356 0 1 I
1101  0.500227 3 0 I
1100  0.588723 3 3 P
1110  0.470984 1 3 I
1010  0.719185 1 1 P
1011  0.495927 3 3 P
0011  0.677714 0 0 P
0001  0.520986 2 2 P
0101  0.462476 1 1 P
0101  0.462476 2 3 I
0101  0.462476 0 3 I
0101  0.462476 3 0 I
0100  0.415356 3 3 P
0110  0.425491 2 2 P
0010  0.825427 1 1 P
0000  0.788843 2 2 P
0001  0.520986 3 3 P
1101  0.500227 3 2 I
0000  0.788843 3 1 I
1111  0.441219 1 0 I
1110  0.470984 3 3 P
0000  0.788843 0 2 I
1111  0.441219 3 2 I
1011  0.495927 1 1 P
0011  0.677714 0 0 P
0011  0.677714 3 0 I
0010  0.825427 3 3 P
0000  0.788843 2 2 P
1111  0.441219 0 3 I
1101  0.500227 2 2 P
0001  0.520986 0 1 I
1001  0.398033 0 0 P
1000  0.741435 2 0 I
1000  0.741435 0 1 I
1001  0.398033 2 0 I
1001  0.398033 0 1 I
0001  0.520986 0 0 P
0011  0.677714 2 2 P
0111  0.531343 1 1 P
1010  0.719185 3 1 I
1010  0.719185 0 3 I
0010  0.825427 0 0 P
0000  0.788843 2 2 P
0100  0.415356 1 1 P
0100  0.415356 1 2 I
0100  0.415356 1 2 I
0101  0.462476 3 3 P
0101  0.462476 2 1 I
0101  0.462476 2 3 I
0100  0.415356 3 3 P
0101  0.462476 3 3 P
0111  0.531343 2 2 P
0011  0.677714 1 1 P
0001  0.520986 1 3 I
0011  0.677714 2 2 P
0011  0.677714 1 2 I
0001  0.520986 2 2 P
1101  0.500227 3 2 I
1101  0.500227 1 2 I
1111  0.441219 2 2 P
0100  0.415356 2 0 I
1100  0.588723 0 0 P
0011  0.677714 1 0 I
0001  0.520986 1 3 I
0101  0.462476 1 1 P
