1100  0.63912 0 0 S
1101  0.518799 3 3 P
1111  0.442114 2 2 P
1110  0.579648 3 3 P
1010  0.554107 1 1 P
1110  0.579648 1 1 P
0110  0.524223 0 0 P
0111  0.301487 3 3 P
0011  0.577028 1 1 P
0111  0.301487 1 1 P
1111  0.442114 0 0 P
1110  0.579648 3 3 P
0110  0.524223 0 0 P
1110  0.579648 0 0 P
1100  0.63912 2 2 P
0100  0.471084 0 0 P
1100  0.63912 0 0 P
1101  0.518799 3 3 P
1100  0.63912 3 3 P
1110  0.579648 2 2 P
1111  0.442114 3 3 P
1110  0.579648 3 3 P
1111  0.442114 3 3 P
1110  0.579648 3 3 P
1010  0.554107 1 1 P
1000  0.434704 2 2 P
1100  0.63912 1 1 P
1000  0.434704 1 1 P
1001  0.726702 3 3 P
1000  0.434704 3 3 P
1010  0.554107 2 2 P
1011  0.221142 3 3 P
1001  0.726702 2 2 P
0001  0.469978 0 0 P
0011  0.577028 2 2 P
0001  0.469978 2 2 P
1001  0.726702 0 0 P
0001  0.469978 0 0 P
1001  0.726702 0 0 P
1000  0.434704 3 3 P
1001  0.726702 3 3 P
1000  0.434704 3 3 P
1100  0.63912 1 1 P
1101  0.518799 3 3 P
1111  0.442114 2 2 P
1011  0.221142 1 1 P
1001  0.726702 2 2 P
1011  0.221142 2 2 P
1001  0.726702 2 2 P
1011  0.221142 2 2 P
1010  0.554107 3 3 P
0010  0.495195 0 0 P
0011  0.577028 3 3 P
0010  0.495195 3 3 P
0011  0.577028 3 3 P
0111  0.301487 1 1 P
0011  0.577028 1 1 P
1011  0.221142 0 0 P
1010  0.554107 3 3 P
1110  0.579648 1 1 P
1010  0.554107 1 1 P
1110  0.579648 1 1 P
1010  0.554107 1 1 P
1110  0.579648 1 1 P
1100  0.63912 2 2 P
0100  0.471084 0 0 P
1100  0.63912 0 0 P
1110  0.579648 2 2 P
0110  0.524223 0 0 P
0010  0.495195 1 1 P
0000  0.513181 2 2 P
0010  0.495195 2 2 P
0000  0.513181 2 2 P
0010  0.495195 2 2 P
0000  0.513181 2 2 P
0100  0.471084 1 1 P
1100  0.63912 0 0 P
1110  0.579648 2 2 P
1100  0.63912 2 2 P
0100  0.471084 0 0 P
0110  0.524223 2 2 P
0100  0.471084 2 2 P
0110  0.524223 2 2 P
0010  0.495195 1 1 P
1010  0.554107 0 0 P
0010  0.495195 0 0 P
0011  0.577028 3 3 P
0111  0.301487 1 1 P
1111  0.442114 0 0 P
0111  0.301487 0 0 P
0101  0.515562 2 2 P
0001  0.469978 1 1 P
0000  0.513181 3 3 P
0010  0.495195 2 2 P
0110  0.524223 1 1 P
0100  0.471084 2 2 P
0110  0.524223 2 2 P
1110  0.579648 0 0 P
1010  0.554107 1 1 P
1000  0.434704 2 2 P
