1101  0.498405 0 0 S
1111  0.637521 2 2 P
0111  0.572492 0 0 P
0110  0.523595 3 3 P
0111  0.572492 3 3 P
0000  0.565952 1 3 I
0001  0.380458 3 3 P
0000  0.565952 3 3 P
0001  0.380458 3 3 P
0001  0.380458 2 3 I
0000  0.565952 3 3 P
0001  0.380458 3 3 P
1001  0.364392 3 1 I
1000  0.549885 3 3 P
1100  0.601193 1 1 P
1100  0.601193 0 3 I
1111  0.637521 2 3 I
0111  0.572492 0 0 P
0001  0.380458 1 2 I
0011  0.518368 1 3 I
0001  0.380458 2 2 P
0000  0.565952 3 3 P
1111  0.637521 0 3 I
0010  0.552177 3 1 I
1011  0.502302 0 3 I
0011  0.518368 0 0 P
0010  0.552177 3 3 P
0011  0.518368 3 3 P
0111  0.572492 1 1 P
1111  0.637521 0 0 P
0110  0.523595 3 0 I
0100  0.536164 2 2 P
0110  0.523595 1 3 I
0110  0.523595 2 3 I
0010  0.552177 1 1 P
0000  0.565952 2 2 P
1001  0.364392 3 0 I
1000  0.549885 3 3 P
1110  0.588624 0 3 I
1010  0.536111 1 1 P
0001  0.380458 2 0 I
0001  0.380458 3 0 I
1111  0.637521 0 2 I
1110  0.588624 3 3 P
1000  0.549885 2 1 I
1100  0.601193 1 1 P
1100  0.601193 3 0 I
1000  0.549885 1 1 P
1010  0.536111 2 2 P
0111  0.572492 3 1 I
0111  0.572492 0 1 I
0110  0.523595 2 0 I
0010  0.552177 1 1 P
0011  0.518368 3 3 P
0111  0.572492 0 2 I
0011  0.518368 1 1 P
0001  0.380458 1 3 I
1101  0.498405 0 1 I
0100  0.536164 3 0 I
0000  0.565952 1 1 P
0100  0.536164 1 1 P
1100  0.601193 0 0 P
1000  0.549885 1 1 P
0000  0.565952 0 0 P
0001  0.380458 3 3 P
0011  0.518368 2 2 P
0111  0.572492 0 2 I
0110  0.523595 3 3 P
0010  0.552177 1 1 P
0101  0.433376 1 3 I
0001  0.380458 1 1 P
1001  0.364392 0 0 P
1001  0.364392 2 3 I
0001  0.380458 0 0 P
0001  0.380458 3 0 I
1001  0.364392 0 0 P
1101  0.498405 0 2 I
1101  0.498405 2 3 I
0100  0.536164 2 1 I
0110  0.523595 2 2 P
0111  0.572492 2 0 I
0111  0.572492 3 0 I
0011  0.518368 1 1 P
0111  0.572492 1 1 P
0111  0.572492 0 1 I
0011  0.518368 1 1 P
1100  0.601193 3 2 I
1110  0.588624 2 2 P
0110  0.523595 0 0 P
0100  0.536164 2 2 P
1100  0.601193 0 0 P
0100  0.536164 0 0 P
1100  0.601193 0 0 P
1100  0.601193 1 2 I
0100  0.536164 3 1 I
1100  0.601193 3 1 I
1000  0.549885 1 1 P
1010  0.536111 2 2 P
0010  0.552177 0 0 P
0000  0.565952 2 2 P
