0001  0.471985 0 0 S
0000  0.513181 3 3 P
1011  0.509411 2 0 I
1001  0.525478 2 2 P
0001  0.471985 0 0 P
0001  0.471985 2 3 I
1001  0.525478 0 0 P
1011  0.509411 2 2 P
0010  0.497115 2 1 I
1010  0.550608 0 0 P
1010  0.550608 2 1 I
1010  0.550608 0 1 I
1010  0.550608 0 1 I
0010  0.497115 0 0 P
0110  0.479398 1 1 P
0000  0.513181 1 2 I
0100  0.495464 1 1 P
0100  0.495464 1 2 I
0110  0.479398 2 2 P
0100  0.495464 2 2 P
1100  0.548957 0 0 P
1101  0.50776 3 3 P
1100  0.548957 2 0 I
1100  0.548957 1 2 I
1110  0.532891 2 2 P
1010  0.550608 1 1 P
1010  0.550608 1 2 I
1011  0.509411 3 3 P
0011  0.455919 3 1 I
1100  0.548957 1 0 I
1101  0.50776 3 3 P
0101  0.454268 0 0 P
0111  0.438201 2 2 P
0001  0.471985 2 1 I
0001  0.471985 3 0 I
0000  0.513181 3 3 P
1000  0.566674 0 0 P
1001  0.525478 3 3 P
1001  0.525478 3 2 I
0110  0.479398 0 3 I
1110  0.532891 0 0 P
0110  0.479398 0 0 P
0111  0.438201 3 3 P
0100  0.495464 1 0 I
0110  0.479398 1 3 I
0111  0.438201 3 3 P
0011  0.455919 1 1 P
0010  0.497115 3 3 P
1110  0.532891 1 0 I
1100  0.548957 2 2 P
1101  0.50776 3 3 P
0100  0.495464 0 3 I
0100  0.495464 0 1 I
1111  0.491694 2 0 I
1011  0.509411 1 1 P
1011  0.509411 1 2 I
1001  0.525478 2 2 P
1011  0.509411 2 2 P
1111  0.491694 1 1 P
1110  0.532891 3 3 P
0110  0.479398 3 1 I
1110  0.532891 0 0 P
1110  0.532891 3 0 I
1111  0.491694 3 3 P
1110  0.532891 3 3 P
1010  0.550608 1 1 P
1010  0.550608 2 3 I
0010  0.497115 0 0 P
0011  0.455919 3 3 P
1011  0.509411 3 1 I
1001  0.525478 1 3 I
1011  0.509411 2 2 P
1111  0.491694 1 1 P
0111  0.438201 0 0 P
0001  0.471985 1 2 I
1101  0.50776 0 1 I
1101  0.50776 2 3 I
0101  0.454268 0 0 P
0010  0.497115 1 3 I
0110  0.479398 0 2 I
0100  0.495464 2 2 P
1100  0.548957 0 0 P
0000  0.513181 0 1 I
1001  0.525478 3 0 I
0001  0.471985 0 0 P
0101  0.454268 1 1 P
0101  0.454268 3 0 I
0101  0.454268 2 3 I
0101  0.454268 3 0 I
1101  0.50776 0 0 P
0101  0.454268 0 0 P
0100  0.495464 3 3 P
0110  0.479398 2 2 P
1110  0.532891 3 1 I
0010  0.497115 0 1 I
1010  0.550608 0 0 P
1010  0.550608 1 2 I
1010  0.550608 1 0 I
0010  0.497115 0 0 P
0011  0.455919 2 0 I
