0101  0.515562 0 0 S
1011  0.221142 0 2 I
1001  0.726702 2 2 P
1001  0.726702 0 1 I
1011  0.221142 2 2 P
1011  0.221142 0 1 I
0011  0.577028 0 0 P
0010  0.495195 2 0 I
0110  0.524223 1 1 P
1110  0.579648 0 0 P
0110  0.524223 3 1 I
1110  0.579648 0 0 P
0010  0.495195 1 0 I
0000  0.513181 2 2 P
0100  0.471084 1 1 P
0111  0.301487 2 3 I
0110  0.524223 3 3 P
1001  0.726702 0 3 I
1111  0.442114 1 2 I
0111  0.301487 0 0 P
0101  0.515562 2 2 P
0101  0.515562 2 1 I
0101  0.515562 1 0 I
0100  0.471084 3 3 P
1101  0.518799 0 3 I
0100  0.471084 2 1 I
1101  0.518799 3 0 I
1100  0.63912 3 3 P
1110  0.579648 2 2 P
1100  0.63912 2 2 P
1101  0.518799 3 3 P
1111  0.442114 2 2 P
1001  0.726702 1 2 I
1101  0.518799 1 1 P
0101  0.515562 0 0 P
1101  0.518799 0 0 P
1010  0.554107 1 3 I
1110  0.579648 1 1 P
0010  0.495195 3 2 I
0101  0.515562 1 3 I
0101  0.515562 1 0 I
0001  0.469978 1 1 P
0101  0.515562 1 1 P
0101  0.515562 1 0 I
0100  0.471084 3 3 P
1100  0.63912 0 0 P
0100  0.471084 3 1 I
0111  0.301487 1 0 I
0110  0.524223 3 3 P
0100  0.471084 2 2 P
1100  0.63912 0 0 P
1000  0.434704 1 1 P
1100  0.63912 1 1 P
1000  0.434704 1 1 P
1110  0.579648 2 1 I
1110  0.579648 2 3 I
1010  0.554107 1 1 P
1010  0.554107 3 2 I
0010  0.495195 0 0 P
0110  0.524223 0 2 I
1110  0.579648 3 1 I
1010  0.554107 1 1 P
1000  0.434704 2 2 P
1100  0.63912 1 1 P
1000  0.434704 1 1 P
1001  0.726702 3 3 P
1101  0.518799 0 2 I
0100  0.471084 0 3 I
0101  0.515562 3 3 P
0101  0.515562 0 1 I
0111  0.301487 2 2 P
1111  0.442114 0 0 P
0001  0.469978 0 2 I
0001  0.469978 3 0 I
1001  0.726702 0 0 P
1101  0.518799 1 1 P
1101  0.518799 1 2 I
1100  0.63912 3 3 P
1101  0.518799 3 3 P
1101  0.518799 1 2 I
0001  0.469978 0 1 I
1001  0.726702 0 0 P
1011  0.221142 2 2 P
1011  0.221142 1 2 I
1001  0.726702 1 3 I
1011  0.221142 2 2 P
1000  0.434704 2 3 I
1100  0.63912 1 1 P
1101  0.518799 3 3 P
1101  0.518799 1 2 I
1111  0.442114 2 2 P
1100  0.63912 2 3 I
1000  0.434704 1 1 P
1111  0.442114 1 3 I
0001  0.469978 0 2 I
0000  0.513181 3 3 P
0011  0.577028 2 3 I
0111  0.301487 0 2 I
0101  0.515562 2 2 P
0111  0.301487 2 2 P
