1101  0.623002 0 0 S
0101  0.534152 0 0 P
1101  0.623002 0 0 P
1001  0.749411 1 1 P
1000  0.48185 3 3 P
1001  0.749411 3 3 P
1000  0.48185 3 3 P
1100  0.355441 1 1 P
1101  0.623002 3 3 P
0101  0.534152 0 0 P
0111  0.566277 2 2 P
0110  0.37387 3 3 P
0111  0.566277 3 3 P
0101  0.534152 2 2 P
1101  0.623002 0 0 P
0101  0.534152 0 0 P
0100  0.422841 3 3 P
0000  0.513181 1 1 P
0100  0.422841 1 1 P
0000  0.513181 1 1 P
0100  0.422841 1 1 P
0101  0.534152 3 3 P
0111  0.566277 2 2 P
0011  0.687063 1 1 P
0010  0.494656 3 3 P
0011  0.687063 3 3 P
1011  0.811981 0 0 P
1010  0.463325 3 3 P
1000  0.48185 2 2 P
0000  0.513181 0 0 P
0010  0.494656 2 2 P
1010  0.463325 0 0 P
1000  0.48185 2 2 P
1010  0.463325 2 2 P
1011  0.811981 3 3 P
1001  0.749411 2 2 P
1101  0.623002 1 1 P
1100  0.355441 3 3 P
0100  0.422841 0 0 P
1100  0.355441 0 0 P
0100  0.422841 0 0 P
1100  0.355441 0 0 P
1101  0.623002 3 3 P
1100  0.355441 3 3 P
1101  0.623002 3 3 P
1111  0.655127 2 2 P
1011  0.811981 1 1 P
1001  0.749411 2 2 P
1011  0.811981 2 2 P
1001  0.749411 2 2 P
1011  0.811981 2 2 P
1001  0.749411 2 2 P
1101  0.623002 1 1 P
0101  0.534152 0 0 P
1101  0.623002 0 0 P
1100  0.355441 3 3 P
0100  0.422841 0 0 P
0000  0.513181 1 1 P
0001  0.624493 3 3 P
0011  0.687063 2 2 P
0111  0.566277 1 1 P
0110  0.37387 3 3 P
0100  0.422841 2 2 P
1100  0.355441 0 0 P
0100  0.422841 0 0 P
0101  0.534152 3 3 P
1101  0.623002 0 0 P
0101  0.534152 0 0 P
1101  0.623002 0 0 P
1001  0.749411 1 1 P
1000  0.48185 3 3 P
1001  0.749411 3 3 P
1000  0.48185 3 3 P
0000  0.513181 0 0 P
1000  0.48185 0 0 P
1100  0.355441 1 1 P
1101  0.623002 3 3 P
1100  0.355441 3 3 P
0100  0.422841 0 0 P
0101  0.534152 3 3 P
0100  0.422841 3 3 P
0110  0.37387 2 2 P
0111  0.566277 3 3 P
0101  0.534152 2 2 P
0100  0.422841 3 3 P
1100  0.355441 0 0 P
1110  0.306471 2 2 P
1111  0.655127 3 3 P
1110  0.306471 3 3 P
0110  0.37387 0 0 P
0010  0.494656 1 1 P
0110  0.37387 1 1 P
0111  0.566277 3 3 P
1111  0.655127 0 0 P
1110  0.306471 3 3 P
1010  0.463325 1 1 P
1011  0.811981 3 3 P
1010  0.463325 3 3 P
1000  0.48185 2 2 P
1010  0.463325 2 2 P
