1100  0.433841 0 0 S
1110  0.578609 2 2 P
1111  0.729312 3 3 P
1110  0.578609 3 3 P
1010  0.393536 1 1 P
0010  0.693891 0 0 P
1010  0.393536 0 0 P
1011  0.726991 3 3 P
1111  0.729312 1 1 P
1110  0.578609 3 3 P
1100  0.433841 2 2 P
1101  0.620553 3 3 P
1001  0.328045 1 1 P
1101  0.620553 1 1 P
0101  0.394252 0 0 P
0100  0.373384 3 3 P
0000  0.908497 1 1 P
0010  0.693891 2 2 P
1010  0.393536 0 0 P
1011  0.726991 3 3 P
1111  0.729312 1 1 P
1110  0.578609 3 3 P
1010  0.393536 1 1 P
1000  0.796008 2 2 P
1001  0.328045 3 3 P
1000  0.796008 3 3 P
1001  0.328045 3 3 P
1000  0.796008 3 3 P
1100  0.433841 1 1 P
1110  0.578609 2 2 P
1010  0.393536 1 1 P
1000  0.796008 2 2 P
1100  0.433841 1 1 P
1101  0.620553 3 3 P
1111  0.729312 2 2 P
0111  0.311764 0 0 P
0101  0.394252 2 2 P
0001  0.379059 1 1 P
0011  0.493663 2 2 P
0111  0.311764 1 1 P
0011  0.493663 1 1 P
1011  0.726991 0 0 P
1111  0.729312 1 1 P
1110  0.578609 3 3 P
1100  0.433841 2 2 P
0100  0.373384 0 0 P
0101  0.394252 3 3 P
0111  0.311764 2 2 P
1111  0.729312 0 0 P
1011  0.726991 1 1 P
0011  0.493663 0 0 P
0001  0.379059 2 2 P
0011  0.493663 2 2 P
0111  0.311764 1 1 P
0101  0.394252 2 2 P
0111  0.311764 2 2 P
0011  0.493663 1 1 P
0010  0.693891 3 3 P
1010  0.393536 0 0 P
1000  0.796008 2 2 P
1001  0.328045 3 3 P
1000  0.796008 3 3 P
1100  0.433841 1 1 P
1101  0.620553 3 3 P
0101  0.394252 0 0 P
0001  0.379059 1 1 P
0101  0.394252 1 1 P
0111  0.311764 2 2 P
0110  0.555873 3 3 P
0010  0.693891 1 1 P
0110  0.555873 1 1 P
1110  0.578609 0 0 P
1010  0.393536 1 1 P
0010  0.693891 0 0 P
0011  0.493663 3 3 P
0111  0.311764 1 1 P
0101  0.394252 2 2 P
0001  0.379059 1 1 P
1001  0.328045 0 0 P
1000  0.796008 3 3 P
1010  0.393536 2 2 P
1110  0.578609 1 1 P
1010  0.393536 1 1 P
1000  0.796008 2 2 P
1010  0.393536 2 2 P
0010  0.693891 0 0 P
0110  0.555873 1 1 P
0111  0.311764 3 3 P
0011  0.493663 1 1 P
0001  0.379059 2 2 P
0000  0.908497 3 3 P
0010  0.693891 2 2 P
0011  0.493663 3 3 P
0001  0.379059 2 2 P
0000  0.908497 3 3 P
0010  0.693891 2 2 P
0011  0.493663 3 3 P
0010  0.693891 3 3 P
0110  0.555873 1 1 P
0100  0.373384 2 2 P
