0111  0.572492 0 0 S
0101  0.433376 2 2 P
1101  0.498405 0 0 P
1100  0.601193 3 3 P
1101  0.498405 3 3 P
1111  0.637521 2 2 P
1110  0.588624 3 3 P
1100  0.601193 2 2 P
1110  0.588624 2 2 P
1100  0.601193 2 2 P
1101  0.498405 3 3 P
0101  0.433376 0 0 P
0001  0.380458 1 1 P
1001  0.364392 0 0 P
1101  0.498405 1 1 P
1111  0.637521 2 2 P
0111  0.572492 0 0 P
1111  0.637521 0 0 P
1101  0.498405 2 2 P
1111  0.637521 2 2 P
1101  0.498405 2 2 P
1111  0.637521 2 2 P
1110  0.588624 3 3 P
1100  0.601193 2 2 P
1000  0.549885 1 1 P
0000  0.565952 0 0 P
0001  0.380458 3 3 P
0000  0.565952 3 3 P
1000  0.549885 0 0 P
1001  0.364392 3 3 P
1011  0.502302 2 2 P
1010  0.536111 3 3 P
1110  0.588624 1 1 P
1100  0.601193 2 2 P
1110  0.588624 2 2 P
0110  0.523595 0 0 P
0010  0.552177 1 1 P
0000  0.565952 2 2 P
0100  0.536164 1 1 P
0000  0.565952 1 1 P
0100  0.536164 1 1 P
1100  0.601193 0 0 P
0100  0.536164 0 0 P
0000  0.565952 1 1 P
0100  0.536164 1 1 P
0000  0.565952 1 1 P
1000  0.549885 0 0 P
0000  0.565952 0 0 P
0001  0.380458 3 3 P
1001  0.364392 0 0 P
0001  0.380458 0 0 P
0011  0.518368 2 2 P
1011  0.502302 0 0 P
0011  0.518368 0 0 P
1011  0.502302 0 0 P
1001  0.364392 2 2 P
0001  0.380458 0 0 P
0101  0.433376 1 1 P
1101  0.498405 0 0 P
0101  0.433376 0 0 P
1101  0.498405 0 0 P
0101  0.433376 0 0 P
0001  0.380458 1 1 P
1001  0.364392 0 0 P
1000  0.549885 3 3 P
1100  0.601193 1 1 P
1110  0.588624 2 2 P
1111  0.637521 3 3 P
1101  0.498405 2 2 P
1100  0.601193 3 3 P
0100  0.536164 0 0 P
1100  0.601193 0 0 P
0100  0.536164 0 0 P
0000  0.565952 1 1 P
0010  0.552177 2 2 P
0000  0.565952 2 2 P
0010  0.552177 2 2 P
0011  0.518368 3 3 P
0010  0.552177 3 3 P
0110  0.523595 1 1 P
1110  0.588624 0 0 P
1100  0.601193 2 2 P
1110  0.588624 2 2 P
1100  0.601193 2 2 P
0100  0.536164 0 0 P
0000  0.565952 1 1 P
0010  0.552177 2 2 P
0110  0.523595 1 1 P
0010  0.552177 1 1 P
1010  0.536111 0 0 P
0010  0.552177 0 0 P
0000  0.565952 2 2 P
0001  0.380458 3 3 P
0011  0.518368 2 2 P
0001  0.380458 2 2 P
1001  0.364392 0 0 P
0001  0.380458 0 0 P
0000  0.565952 3 3 P
0001  0.380458 3 3 P
0000  0.565952 3 3 P
