0110  0.555873 0 0 S
0110  0.555873 0 1 I
1001  0.328045 2 1 I
1000  0.796008 3 3 P
1111  0.729312 1 3 I
0000  0.908497 3 2 I
0100  0.373384 1 1 P
0111  0.311764 1 0 I
1111  0.729312 0 0 P
1110  0.578609 3 3 P
1100  0.433841 2 2 P
1100  0.433841 3 0 I
0000  0.908497 0 1 I
1011  0.726991 2 0 I
1000  0.796008 1 0 I
1010  0.393536 2 2 P
1010  0.393536 0 1 I
1000  0.796008 2 2 P
0000  0.908497 0 0 P
0110  0.555873 1 2 I
0110  0.555873 2 3 I
0110  0.555873 0 1 I
0110  0.555873 2 3 I
0111  0.311764 2 0 I
0000  0.908497 1 3 I
0110  0.555873 1 2 I
0000  0.908497 1 2 I
0001  0.379059 3 3 P
1101  0.620553 0 1 I
1001  0.328045 0 2 I
1001  0.328045 0 1 I
1001  0.328045 2 3 I
1011  0.726991 1 3 I
1011  0.726991 0 1 I
1011  0.726991 0 1 I
1011  0.726991 1 2 I
0010  0.693891 0 3 I
1110  0.578609 1 0 I
1100  0.433841 2 2 P
1110  0.578609 2 2 P
1010  0.393536 1 1 P
1010  0.393536 3 0 I
1010  0.393536 0 1 I
1011  0.726991 3 3 P
0011  0.493663 0 0 P
0010  0.693891 3 3 P
0011  0.493663 3 3 P
0001  0.379059 2 2 P
0011  0.493663 2 2 P
0111  0.311764 1 1 P
0011  0.493663 1 1 P
0111  0.311764 1 1 P
0001  0.379059 1 2 I
0001  0.379059 2 3 I
1001  0.328045 0 0 P
1000  0.796008 3 3 P
1100  0.433841 0 2 I
0011  0.493663 3 2 I
0011  0.493663 3 0 I
0010  0.693891 3 3 P
0011  0.493663 3 3 P
0011  0.493663 1 2 I
0001  0.379059 2 2 P
0011  0.493663 2 2 P
0111  0.311764 1 1 P
0001  0.379059 2 1 I
1111  0.729312 0 2 I
1100  0.433841 2 3 I
1101  0.620553 2 0 I
1001  0.328045 0 2 I
1001  0.328045 2 3 I
1101  0.620553 1 1 P
0001  0.379059 0 1 I
0001  0.379059 3 0 I
0011  0.493663 2 2 P
0011  0.493663 0 3 I
0010  0.693891 3 3 P
1110  0.578609 1 0 I
0000  0.908497 0 2 I
0100  0.373384 1 1 P
0101  0.394252 3 3 P
0101  0.394252 0 1 I
0111  0.311764 2 2 P
0011  0.493663 1 1 P
0011  0.493663 1 2 I
0010  0.693891 2 0 I
0110  0.555873 1 1 P
0100  0.373384 2 2 P
1100  0.433841 3 1 I
1101  0.620553 2 0 I
1101  0.620553 2 3 I
1001  0.328045 1 1 P
1000  0.796008 3 3 P
0000  0.908497 0 0 P
1111  0.729312 1 0 I
0001  0.379059 0 2 I
0001  0.379059 3 0 I
1001  0.328045 3 1 I
1011  0.726991 2 2 P
1001  0.328045 2 2 P
