1011  0.730109 0 0 S
0011  0.462888 0 0 P
1011  0.730109 0 0 P
0010  0.49394 2 1 I
0110  0.515273 1 1 P
0000  0.513181 1 2 I
1100  0.515804 0 1 I
1101  0.72961 3 3 P
1100  0.515804 3 3 P
1101  0.72961 3 3 P
0101  0.725486 0 0 P
0101  0.725486 3 0 I
1000  0.435591 3 1 I
1010  0.450852 2 2 P
1110  0.50426 1 1 P
1111  0.355958 3 3 P
0000  0.513181 3 2 I
1101  0.72961 3 1 I
1100  0.515804 2 0 I
1110  0.50426 2 2 P
1010  0.450852 1 1 P
1000  0.435591 2 2 P
1001  0.80163 3 3 P
1011  0.730109 2 2 P
0010  0.49394 0 3 I
1110  0.50426 0 1 I
0010  0.49394 1 0 I
0110  0.515273 1 1 P
0110  0.515273 0 1 I
1110  0.50426 0 0 P
1010  0.450852 1 1 P
1010  0.450852 3 0 I
1010  0.450852 2 3 I
1000  0.435591 2 2 P
1011  0.730109 2 3 I
1010  0.450852 3 3 P
1010  0.450852 3 2 I
1010  0.450852 2 3 I
1011  0.730109 3 3 P
1011  0.730109 0 1 I
1010  0.450852 3 3 P
1000  0.435591 2 2 P
1111  0.355958 1 3 I
0000  0.513181 2 1 I
1111  0.355958 3 2 I
1011  0.730109 1 1 P
0010  0.49394 3 0 I
1011  0.730109 0 3 I
0011  0.462888 3 1 I
0001  0.567816 2 2 P
1001  0.80163 0 0 P
1001  0.80163 0 1 I
0110  0.515273 0 3 I
1111  0.355958 3 0 I
1011  0.730109 1 1 P
1011  0.730109 1 2 I
1111  0.355958 1 1 P
1011  0.730109 1 1 P
0101  0.725486 0 2 I
0101  0.725486 1 2 I
0101  0.725486 0 1 I
1101  0.72961 0 0 P
1111  0.355958 2 2 P
0000  0.513181 1 0 I
0010  0.49394 2 2 P
0000  0.513181 2 2 P
1000  0.435591 0 0 P
1000  0.435591 3 0 I
1100  0.515804 0 2 I
0100  0.570077 0 0 P
0110  0.515273 2 2 P
0110  0.515273 0 1 I
1111  0.355958 3 0 I
0010  0.49394 3 1 I
0000  0.513181 2 2 P
1000  0.435591 0 0 P
1001  0.80163 2 0 I
1001  0.80163 2 3 I
1001  0.80163 3 2 I
1111  0.355958 1 2 I
1101  0.72961 2 2 P
1001  0.80163 1 1 P
1001  0.80163 2 3 I
1001  0.80163 2 3 I
0001  0.567816 0 0 P
0101  0.725486 1 1 P
0101  0.725486 3 0 I
0001  0.567816 1 1 P
0101  0.725486 1 1 P
0001  0.567816 1 1 P
0000  0.513181 3 3 P
1101  0.72961 3 1 I
0100  0.570077 3 0 I
1100  0.515804 0 0 P
1100  0.515804 0 3 I
0100  0.570077 0 0 P
0101  0.725486 3 3 P
0101  0.725486 3 0 I
0010  0.49394 1 3 I
0000  0.513181 2 2 P
