1100  0.355441 0 0 S
1110  0.306471 2 2 P
1111  0.655127 3 3 P
0000  0.513181 0 3 I
0010  0.494656 2 2 P
0010  0.494656 1 2 I
0110  0.37387 1 1 P
1110  0.306471 0 0 P
0010  0.494656 1 0 I
0010  0.494656 2 3 I
0010  0.494656 2 3 I
0011  0.687063 3 3 P
0111  0.566277 1 1 P
0011  0.687063 0 2 I
0010  0.494656 3 3 P
1011  0.811981 3 0 I
1010  0.463325 3 3 P
1000  0.48185 2 2 P
1000  0.48185 3 0 I
1100  0.355441 1 1 P
1000  0.48185 1 1 P
0000  0.513181 0 0 P
1000  0.48185 0 0 P
1001  0.749411 3 3 P
0001  0.624493 3 1 I
1001  0.749411 0 0 P
0001  0.624493 0 0 P
1111  0.655127 0 2 I
0000  0.513181 1 0 I
1001  0.749411 3 0 I
1001  0.749411 3 2 I
0001  0.624493 0 0 P
1101  0.623002 0 1 I
1101  0.623002 2 3 I
1101  0.623002 1 2 I
1100  0.355441 3 3 P
0000  0.513181 0 1 I
1000  0.48185 0 0 P
1010  0.463325 2 2 P
1010  0.463325 3 0 I
1010  0.463325 3 0 I
1010  0.463325 2 3 I
0010  0.494656 0 0 P
1011  0.811981 2 1 I
1000  0.48185 2 3 I
0000  0.513181 0 0 P
1000  0.48185 0 0 P
1100  0.355441 1 1 P
1101  0.623002 2 0 I
1001  0.749411 1 1 P
1001  0.749411 2 3 I
0001  0.624493 0 0 P
0001  0.624493 3 0 I
1101  0.623002 1 0 I
1100  0.355441 3 3 P
1100  0.355441 3 0 I
1110  0.306471 2 2 P
0010  0.494656 1 0 I
0011  0.687063 3 3 P
0111  0.566277 1 1 P
0110  0.37387 3 3 P
0100  0.422841 2 2 P
1101  0.623002 2 1 I
1111  0.655127 2 2 P
1001  0.749411 1 2 I
1001  0.749411 1 0 I
0001  0.624493 3 1 I
1101  0.623002 3 2 I
1001  0.749411 0 2 I
1001  0.749411 1 0 I
1001  0.749411 0 1 I
1001  0.749411 2 3 I
1101  0.623002 1 1 P
1001  0.749411 1 1 P
1001  0.749411 1 0 I
1011  0.811981 2 2 P
1011  0.811981 0 1 I
0000  0.513181 2 0 I
1001  0.749411 3 0 I
1101  0.623002 0 2 I
0101  0.534152 0 0 P
0101  0.534152 1 2 I
0101  0.534152 3 0 I
0101  0.534152 0 1 I
0101  0.534152 3 2 I
1101  0.623002 0 0 P
1101  0.623002 1 2 I
0101  0.534152 0 0 P
1110  0.306471 2 0 I
1110  0.306471 3 0 I
0010  0.494656 3 2 I
0011  0.687063 2 0 I
0011  0.687063 1 2 I
0111  0.566277 1 1 P
1010  0.463325 3 1 I
1011  0.811981 3 3 P
1010  0.463325 3 3 P
1000  0.48185 2 2 P
0000  0.513181 0 0 P
0100  0.422841 1 1 P
