0100  0.422841 0 0 S
0100  0.422841 0 1 I
1100  0.355441 0 0 P
1100  0.355441 3 0 I
1100  0.355441 1 2 I
0011  0.687063 1 0 I
0011  0.687063 3 0 I
0011  0.687063 3 0 I
0011  0.687063 0 3 I
1011  0.811981 0 0 P
1011  0.811981 0 1 I
1010  0.463325 3 3 P
1000  0.48185 2 2 P
1100  0.355441 0 2 I
1100  0.355441 3 0 I
0011  0.687063 1 0 I
1011  0.811981 0 0 P
1111  0.655127 1 1 P
0111  0.566277 0 0 P
0111  0.566277 3 0 I
1010  0.463325 3 1 I
0010  0.494656 0 0 P
0010  0.494656 2 3 I
0101  0.534152 1 3 I
0101  0.534152 2 3 I
0101  0.534152 2 3 I
0010  0.494656 1 3 I
1011  0.811981 3 0 I
1001  0.749411 2 2 P
0001  0.624493 0 0 P
1001  0.749411 0 0 P
1011  0.811981 2 2 P
1001  0.749411 2 2 P
0110  0.37387 2 1 I
1001  0.749411 2 1 I
1001  0.749411 3 2 I
1011  0.811981 1 3 I
1000  0.48185 2 3 I
1000  0.48185 0 1 I
1011  0.811981 1 0 I
1010  0.463325 3 3 P
0111  0.566277 3 1 I
0110  0.37387 3 3 P
0111  0.566277 3 3 P
0111  0.566277 0 1 I
0110  0.37387 3 3 P
1001  0.749411 2 1 I
0001  0.624493 0 0 P
0001  0.624493 2 3 I
0000  0.513181 3 3 P
0010  0.494656 2 2 P
1010  0.463325 0 0 P
1010  0.463325 3 0 I
0010  0.494656 0 0 P
1011  0.811981 2 1 I
1010  0.463325 3 3 P
1110  0.306471 1 1 P
1000  0.48185 1 2 I
1110  0.306471 0 3 I
1000  0.48185 1 2 I
1010  0.463325 2 2 P
1010  0.463325 3 2 I
0010  0.494656 0 0 P
1011  0.811981 0 3 I
1000  0.48185 2 3 I
0000  0.513181 0 0 P
1101  0.623002 3 1 I
0100  0.422841 3 0 I
0100  0.422841 0 1 I
1100  0.355441 0 0 P
0011  0.687063 1 0 I
0011  0.687063 0 3 I
0000  0.513181 2 3 I
0001  0.624493 3 3 P
0111  0.566277 2 1 I
0011  0.687063 1 1 P
0001  0.624493 1 3 I
1111  0.655127 0 2 I
1110  0.306471 3 3 P
1111  0.655127 3 3 P
1000  0.48185 1 3 I
1011  0.811981 1 0 I
0010  0.494656 2 1 I
0010  0.494656 2 3 I
1010  0.463325 0 0 P
0010  0.494656 0 0 P
0110  0.37387 1 1 P
0110  0.37387 3 2 I
0110  0.37387 0 1 I
1001  0.749411 2 1 I
0001  0.624493 0 0 P
0111  0.566277 1 2 I
1111  0.655127 0 0 P
1011  0.811981 1 1 P
1011  0.811981 1 2 I
1111  0.655127 1 1 P
0111  0.566277 0 0 P
0111  0.566277 0 1 I
0111  0.566277 3 0 I
0100  0.422841 1 0 I
